333
666
777
999
5000
600000
7000000
800
900
2006854784584585
8458654685
8566889998735
5374563467347
346435634
34563783567345634
8578585
568456
362365236
24564564637585
58538683
346734
45634
8568
85
555587
4854784689568
2345252
666636
3635535353
735757575
3757576886
12343325
54745
74575463
23423556366
8656865865
5797
97
57975579
54576377347
3728844545
244266822
24668268248
2824682
426
2224744257247
24724572475247
275247572457
2745213414
213412512512454
32425452342542
345246566756856
568585642474682
875847698767637
3673476
34675786796
34536262356
2654746735
685368
356835683568
3586356885783
356736734673
356889578976
979879
78978
9977979
978469409
467984679
49467964
497
76
76994
69493296546457654676
675643
3456789
095685
6767345155
1451636
1613461
61461
613457687564
567524536247
362757
246857867
84657453627
6875698
569567562
56746576
968
867652
35446245676435876
867
865234
56265876
589567
5636
45625
346476587
9659
579